method,feature,pearsonr,intersection,bhattacharyya
ADASYN,0,-0.09496875930927812,0.030403309203722854,0.8583918484447552
ADASYN,1,-0.10348439936361485,0.027921406411582212,0.8585068814067838
ADASYN,2,-0.10890735103632024,0.031230610134436402,0.8521356502464879
ADASYN,3,-0.1072322852978953,0.03474663908996898,0.8325515244855461
ADASYN,4,-0.11301632740605587,0.04963805584281282,0.7871910409019898
ADASYN,5,-0.0824948260453351,0.11499482936918304,0.6609193554868908
ADASYN,6,0.024817158448433144,0.20372285418821096,0.5005564122799804
ADASYN,7,0.1756723586233804,0.2936918304033092,0.3682457060567228
ADASYN,8,0.1446012057343488,0.2765253360910031,0.3968376172229293
ADASYN,9,0.49142639753228723,0.4670113753877973,0.20137944955351517
ADASYN,10,0.7364477691047906,0.6455015511892451,0.0929386250501818
ADASYN,11,0.6854651227790908,0.6055842812823165,0.11276205471242862
ADASYN,12,0.554712484650072,0.512306101344364,0.16811246336128605
