method,feature,pearsonr,intersection,bhattacharyya
ADASYN,0,0.8725114998947692,0.804920913884007,0.05367369919275278
ADASYN,1,0.709890800033011,0.7205623901581723,0.09892635548990059
ADASYN,2,0.9237906493300877,0.8471001757469244,0.03795244327614178
ADASYN,3,0.9461289184834122,0.8541300527240774,0.04268895422366614
ADASYN,4,0.8572124961745335,0.8031634446397188,0.053120947271209085
ADASYN,5,0.8246440267824384,0.7820738137082601,0.04862188162740355
ADASYN,6,0.872217602061451,0.8418277680140598,0.04644205542828084
ADASYN,7,0.8670993631039362,0.7908611599297012,0.0551371831733497
ADASYN,8,0.82496004977973,0.7855887521968365,0.055261199754904955
ADASYN,9,0.8835383740409286,0.804920913884007,0.04236158757989972
ADASYN,10,0.9239702588122344,0.827768014059754,0.04042807525695624
ADASYN,11,0.806626460991757,0.7697715289982425,0.06049774393501506
ADASYN,12,0.9448940823476277,0.8506151142355008,0.038065366347196705
ADASYN,13,0.9870605117458663,0.8998242530755711,0.030683287776073098
ADASYN,14,0.9306508864440594,0.827768014059754,0.04674453616071739
ADASYN,15,0.8538707248923691,0.773286467486819,0.061269109272710565
ADASYN,16,0.7242789553699257,0.6379613356766256,0.12147002969964749
ADASYN,17,0.4907062740179124,0.5659050966608085,0.18093057823735115
ADASYN,18,0.8902540801698131,0.7697715289982425,0.07446982107104738
ADASYN,19,0.9071192884392598,0.789103690685413,0.05283722957110215
ADASYN,20,0.9335163522908688,0.8611599297012302,0.03227737518293183
ADASYN,21,0.7911399983728664,0.7803163444639719,0.0495052309448859
ADASYN,22,0.9116686839347611,0.8312829525483304,0.0364580012104706
ADASYN,23,0.9624547022735104,0.859402460456942,0.030676091085089063
ADASYN,24,0.739104940738532,0.7592267135325131,0.05771231331806925
ADASYN,25,0.8909705394326725,0.8137082601054482,0.04599802041670664
ADASYN,26,0.7747053186140348,0.7838312829525483,0.062080776359054846
ADASYN,27,0.663427515398452,0.7715289982425307,0.06001461774769179
ADASYN,28,0.9155202076669069,0.8347978910369068,0.0488141999281696
ADASYN,29,0.8628101478025433,0.7697715289982425,0.07030104991289243
